1.043354677676688880e-05 1.152058121078880504e-05 1.272087047254899517e-05 1.404621434630826116e-05 1.550964043417479843e-05 1.712553603283595294e-05 1.890978455776348710e-05 2.087993016175460070e-05 2.305533780599944293e-05 2.545739334891550243e-05 2.810970909195020795e-05 3.103836206719279289e-05 3.427213960094377398e-05
3.784283762797713280e-05 4.178554809186607599e-05 4.613904093275777996e-05 5.094610605738125741e-05 5.625400444841943681e-05 6.211491563590243459e-05 6.858645065221935511e-05 7.573223410872742534e-05 8.362250810023397207e-05 9.233484888682141900e-05 1.019548944896087050e-04 1.125772178056649864e-04 1.243062433786690235e-04
1.372572878608480096e-04 1.515576441306620836e-04 1.673478982411324978e-04 1.847833045758306980e-04 2.040352264884859324e-04 2.252929407404735684e-04 2.487654273863881826e-04 2.746834361460059881e-04 3.033017565030604601e-04 3.349017060827463865e-04 3.697939391713589430e-04 4.083215026184916496e-04 4.508630954660475254e-04
4.978369106538593769e-04 5.497048259712755680e-04 6.069766823202371597e-04 6.702154641970992088e-04 7.400428876280784607e-04 8.171453373506665230e-04 9.022808517329394817e-04 9.962863987311720848e-04 1.100086024962365627e-03 1.214700168929994106e-03 1.341255498118698597e-03 1.480996259488165379e-03 1.635296037420630455e-03
1.805671839974820614e-03 1.993798650801181793e-03 2.201525494456291199e-03 2.430894644930958748e-03 2.684161299839615822e-03 2.963814651593565941e-03 3.272604197263717651e-03 3.613565349951386452e-03 3.990049939602613449e-03 4.405759740620851517e-03 4.864780232310295105e-03 5.371624603867530823e-03 5.931275896728038788e-03
6.549234502017498016e-03 7.231576833873987198e-03 7.985009811818599701e-03 8.816939778625965118e-03 9.735546074807643890e-03 1.074985880404710770e-02 1.186984870582818985e-02 1.310652680695056915e-02 1.447205059230327606e-02 1.597984321415424347e-02 1.764472760260105133e-02 1.948307082056999207e-02 2.151294238865375519e-02
2.375430241227149963e-02 2.622918039560317993e-02 2.896190620958805084e-02 3.197934851050376892e-02 3.531116247177124023e-02 3.899011015892028809e-02 4.305235296487808228e-02 4.735758900642395020e-02 5.166282504796981812e-02 5.596806108951568604e-02 6.027329713106155396e-02 6.457853317260742188e-02 6.888376921415328979e-02
7.318900525569915771e-02 7.749424129724502563e-02 8.179947733879089355e-02 8.610471338033676147e-02 9.040994942188262939e-02 9.576597809791564941e-02 1.011220067739486694e-01 1.064780354499816895e-01 1.118340641260147095e-01 1.171900928020477295e-01 1.225461214780807495e-01 1.279021501541137695e-01 1.332581788301467896e-01
1.386142075061798096e-01 1.439702361822128296e-01 1.493262648582458496e-01 1.546822935342788696e-01 1.600383222103118896e-01 1.653943508863449097e-01 1.707503795623779297e-01 1.761064082384109497e-01 1.814624369144439697e-01 1.868184655904769897e-01 1.921744942665100098e-01 1.975305229425430298e-01 2.028865516185760498e-01
2.082425802946090698e-01 2.135986089706420898e-01 2.189546376466751099e-01 2.243106663227081299e-01 2.296666949987411499e-01 2.350227236747741699e-01 2.403787523508071899e-01 2.457347810268402100e-01 2.510907948017120361e-01 2.564468383789062500e-01 2.618028521537780762e-01 2.671588957309722900e-01 2.725149095058441162e-01
2.778709530830383301e-01 2.832269668579101562e-01 2.885830104351043701e-01 2.939390242099761963e-01 2.992950677871704102e-01 3.046510815620422363e-01 3.100071251392364502e-01 3.153631389141082764e-01 3.207191824913024902e-01 3.260751962661743164e-01 3.314312398433685303e-01 3.367872536182403564e-01 3.421432971954345703e-01
3.474993109703063965e-01 3.528553545475006104e-01 3.582113683223724365e-01 3.635674118995666504e-01 3.689234256744384766e-01 3.742794692516326904e-01 3.796354830265045166e-01 3.849915266036987305e-01 3.903475403785705566e-01 3.957035839557647705e-01 4.010595977306365967e-01 4.064156413078308105e-01 4.117716550827026367e-01
4.171276986598968506e-01 4.224837124347686768e-01 4.278397560119628906e-01 4.331957697868347168e-01 4.385518133640289307e-01 4.439078271389007568e-01 4.492638707160949707e-01 4.546198844909667969e-01 4.599759280681610107e-01 4.653319418430328369e-01 4.706879854202270508e-01 4.760439991950988770e-01 4.814000427722930908e-01
4.867560565471649170e-01 4.921120703220367432e-01 4.974681138992309570e-01 5.028241276741027832e-01 5.081801414489746094e-01 5.135362148284912109e-01 5.188922286033630371e-01 5.242482423782348633e-01 5.296042561531066895e-01 5.349603295326232910e-01 5.403163433074951172e-01 5.456723570823669434e-01 5.510283708572387695e-01
5.563844442367553711e-01 5.617404580116271973e-01 5.670964717864990234e-01 5.724524855613708496e-01 5.778085589408874512e-01 5.831645727157592773e-01 5.885205864906311035e-01 5.938766002655029297e-01 5.992326736450195312e-01 6.045886874198913574e-01 6.099447011947631836e-01 6.153007149696350098e-01 6.206567883491516113e-01
6.260128021240234375e-01 6.520966887474060059e-01 8.031905293464660645e-01 9.923810958862304688e-01 1.226135373115539551e+00 1.514950037002563477e+00 1.871794700622558594e+00 2.312693834304809570e+00 2.857445955276489258e+00 3.530514001846313477e+00 4.362122535705566406e+00 5.389615058898925781e+00 6.659132480621337891e+00
8.227683067321777344e+00 1.016570472717285156e+01 1.256022357940673828e+01 1.551876926422119141e+01 2.370456718750000000e+05 2.370456718750000000e+05 2.370456406250000000e+05 2.370456250000000000e+05 2.370455937500000000e+05 2.370455781250000000e+05 2.370455468750000000e+05 2.370454843750000000e+05 2.370454375000000000e+05
2.370453906250000000e+05 2.370453125000000000e+05 2.370451875000000000e+05 2.370450781250000000e+05 2.370449531250000000e+05 2.370447656250000000e+05 2.370445468750000000e+05 2.370442968750000000e+05 2.370439687500000000e+05 2.370435781250000000e+05 2.370431093750000000e+05 2.370425312500000000e+05 2.370418281250000000e+05
2.370409687500000000e+05 2.370399218750000000e+05 2.370386406250000000e+05 2.370370937500000000e+05 2.370351875000000000e+05 2.370328906250000000e+05 2.370300781250000000e+05 2.370266406250000000e+05 2.370224687500000000e+05 2.370173593750000000e+05 2.370111406250000000e+05 2.370035312500000000e+05 2.369942968750000000e+05
2.369830312500000000e+05 2.369692968750000000e+05 2.369525625000000000e+05 2.369321406250000000e+05 2.369072812500000000e+05 2.368769687500000000e+05 2.368400468750000000e+05 2.367950468750000000e+05 2.367402343750000000e+05 2.366734843750000000e+05 2.365922031250000000e+05 2.364932812500000000e+05 2.363729062500000000e+05
2.362264687500000000e+05 2.360484843750000000e+05 2.358322500000000000e+05 2.355697343750000000e+05 2.352513906250000000e+05 2.348657187500000000e+05 2.343991718750000000e+05 2.338357343750000000e+05 2.331566406250000000e+05 2.323401250000000000e+05 2.313612343750000000e+05 2.301917812500000000e+05 2.288004843750000000e+05
2.271533437500000000e+05 2.252145312500000000e+05 2.229476718750000000e+05 2.203175156250000000e+05 2.172937031250000000e+05 2.138478750000000000e+05 2.099622187500000000e+05 2.056270468750000000e+05 2.008398593750000000e+05 1.956029843750000000e+05 1.899192812500000000e+05 1.837884062500000000e+05 1.772059375000000000e+05
1.701672187500000000e+05 1.626737343750000000e+05 1.547386718750000000e+05 1.463891406250000000e+05 1.376691718750000000e+05 1.286473671875000000e+05 1.194263515625000000e+05 1.101466406250000000e+05 1.009858203125000000e+05 9.215080468750000000e+04 8.385382812500000000e+04 7.653024218750000000e+04 7.054109375000000000e+04
6.554184375000000000e+04 6.127517968750000000e+04 5.754416796875000000e+04 5.416425390625000000e+04 5.098101562500000000e+04 4.792301171875000000e+04 4.498858593750000000e+04 4.221176562500000000e+04 3.962690625000000000e+04 3.671998828125000000e+04 3.419705078125000000e+04 3.207628320312500000e+04 3.031739648437500000e+04
2.882785156250000000e+04 2.750220703125000000e+04 2.625463671875000000e+04 2.503225195312500000e+04 2.381583203125000000e+04 2.261110546875000000e+04 2.143891015625000000e+04 2.033157031250000000e+04 1.932594726562500000e+04 1.844542968750000000e+04 1.768660937500000000e+04 1.702589062500000000e+04 1.643544726562500000e+04
1.588845703125000000e+04 1.535881347656250000e+04 1.482694042968750000e+04 1.428752734375000000e+04 1.374833105468750000e+04 1.322232421875000000e+04 1.272241699218750000e+04 1.225953710937500000e+04 1.184020410156250000e+04 1.146440429687500000e+04 1.112632031250000000e+04 1.081655761718750000e+04 1.052396875000000000e+04
1.023814355468750000e+04 9.952761718750000000e+03 9.666978515625000000e+03 9.383499023437500000e+03 9.106078125000000000e+03 8.838837890625000000e+03 8.586156250000000000e+03 8.351271484375000000e+03 8.134582519531250000e+03 7.933643554687500000e+03 7.744756835937500000e+03 7.564352050781250000e+03 7.389344726562500000e+03
7.217265625000000000e+03 7.046783691406250000e+03 6.878186035156250000e+03 6.713063476562500000e+03 6.553330078125000000e+03 6.400363281250000000e+03 6.254820800781250000e+03 6.116852539062500000e+03 5.986147949218750000e+03 5.861804199218750000e+03 5.742413574218750000e+03 5.626536621093750000e+03 5.513171875000000000e+03
5.401906738281250000e+03 5.292766601562500000e+03 5.186019531250000000e+03 5.082053222656250000e+03 4.981317871093750000e+03 4.884229980468750000e+03 4.790994140625000000e+03 4.701452636718750000e+03 4.615175292968750000e+03 4.531709960937500000e+03 4.450706542968750000e+03 4.371825683593750000e+03 4.294710937500000000e+03
4.219148437500000000e+03 4.145197753906250000e+03 4.073068115234375000e+03 4.002904052734375000e+03 3.934730957031250000e+03 3.868548583984375000e+03 3.804369140625000000e+03 3.742152343750000000e+03 3.681744628906250000e+03 3.622923095703125000e+03 3.565501464843750000e+03 3.509383789062500000e+03 3.454529296875000000e+03
3.400895507812500000e+03 3.348440185546875000e+03 3.297167724609375000e+03 3.247133789062500000e+03 3.198378173828125000e+03 3.150869140625000000e+03 3.104528320312500000e+03 3.059294921875000000e+03 3.015138183593750000e+03 2.972017089843750000e+03 2.929851806640625000e+03 2.888560302734375000e+03 2.848109619140625000e+03
2.808513916015625000e+03 2.769781250000000000e+03 2.731883544921875000e+03 2.694784423828125000e+03 2.658479003906250000e+03 2.492582519531250000e+03 1.787574462890625000e+03 1.268818115234375000e+03 8.962507934570312500e+02 6.303067626953125000e+02 4.415089111328125000e+02 3.081418151855468750e+02 2.143496856689453125e+02
1.486552124023437500e+02 1.028095245361328125e+02 7.092205047607421875e+01 4.881023406982421875e+01 3.351993560791015625e+01 2.297354698181152344e+01 1.571627902984619141e+01 1.073312473297119141e+01 2.370456718750000000e+05 2.370456562500000000e+05 2.370456406250000000e+05 2.370456093750000000e+05 2.370455781250000000e+05
2.370455625000000000e+05 2.370455000000000000e+05 2.370454687500000000e+05 2.370454062500000000e+05 2.370453125000000000e+05 2.370452500000000000e+05 2.370451250000000000e+05 2.370450000000000000e+05 2.370448437500000000e+05 2.370446250000000000e+05 2.370443750000000000e+05 2.370440937500000000e+05 2.370437187500000000e+05
2.370432812500000000e+05 2.370427500000000000e+05 2.370420781250000000e+05 2.370412968750000000e+05 2.370403125000000000e+05 2.370391250000000000e+05 2.370376718750000000e+05 2.370359062500000000e+05 2.370337343750000000e+05 2.370311250000000000e+05 2.370279062500000000e+05 2.370240000000000000e+05 2.370192343750000000e+05
2.370134375000000000e+05 2.370063437500000000e+05 2.369977187500000000e+05 2.369871718750000000e+05 2.369743437500000000e+05 2.369587187500000000e+05 2.369396406250000000e+05 2.369164218750000000e+05 2.368881093750000000e+05 2.368535937500000000e+05 2.368115468750000000e+05 2.367603125000000000e+05 2.366978750000000000e+05
2.366218593750000000e+05 2.365292656250000000e+05 2.364165468750000000e+05 2.362793593750000000e+05 2.361124843750000000e+05 2.359095625000000000e+05 2.356629375000000000e+05 2.353634218750000000e+05 2.350000000000000000e+05 2.345595000000000000e+05 2.340262031250000000e+05 2.333815156250000000e+05 2.326036406250000000e+05
2.316670937500000000e+05 2.305424375000000000e+05 2.291961250000000000e+05 2.275904062500000000e+05 2.256836718750000000e+05 2.234309843750000000e+05 2.207852812500000000e+05 2.176988750000000000e+05 2.141268593750000000e+05 2.100242500000000000e+05 2.053544375000000000e+05 2.000868593750000000e+05 1.941963906250000000e+05
1.876615937500000000e+05 1.804618125000000000e+05 1.725752500000000000e+05 1.639813750000000000e+05 1.546691718750000000e+05 1.446498437500000000e+05 1.339705468750000000e+05 1.227266562500000000e+05 1.110759062500000000e+05 9.925675781250000000e+04 8.760432031250000000e+04 7.655060937500000000e+04 6.660196093750000000e+04
5.828143359375000000e+04 5.201958203125000000e+04 4.809226953125000000e+04 4.619525390625000000e+04 4.537810156250000000e+04 4.486019921875000000e+04 4.407270703125000000e+04 4.264396093750000000e+04 4.041831250000000000e+04 3.748032812500000000e+04 3.409153515625000000e+04 3.059558398437500000e+04 2.732333593750000000e+04
2.395269921875000000e+04 2.162531445312500000e+04 2.037262109375000000e+04 1.996929101562500000e+04 2.002490234375000000e+04 2.012330859375000000e+04 1.994057812500000000e+04 1.930965039062500000e+04 1.823116796875000000e+04 1.683813671875000000e+04 1.533585937500000000e+04 1.394182910156250000e+04 1.283153515625000000e+04
1.209274511718750000e+04 1.170807226562500000e+04 1.157844628906250000e+04 1.156895703125000000e+04 1.154682812500000000e+04 1.140805078125000000e+04 1.109870410156250000e+04 1.062467480468750000e+04 1.004042187500000000e+04 9.423681640625000000e+03 8.851147460937500000e+03 8.380947265625000000e+03 8.041230957031250000e+03
7.826870117187500000e+03 7.705918945312500000e+03 7.631885253906250000e+03 7.556632324218750000e+03 7.442082519531250000e+03 7.268996093750000000e+03 7.039243652343750000e+03 6.770713867187500000e+03 6.489077636718750000e+03 6.220676269531250000e+03 5.986982910156250000e+03 5.799900390625000000e+03 5.659343750000000000e+03
5.554886230468750000e+03 5.470572265625000000e+03 5.390022460937500000e+03 5.300023925781250000e+03 5.192713378906250000e+03 5.066653320312500000e+03 4.926507812500000000e+03 4.780953613281250000e+03 4.639553710937500000e+03 4.509985351562500000e+03 4.396578125000000000e+03 4.300096191406250000e+03 4.218161132812500000e+03
4.146071777343750000e+03 4.078105468750000000e+03 4.009123046875000000e+03 3.935835693359375000e+03 3.857280517578125000e+03 3.774523925781250000e+03 3.689966796875000000e+03 3.606542968750000000e+03 3.526991699218750000e+03 3.453276123046875000e+03 3.386170654296875000e+03 3.325147705078125000e+03 3.268719482421875000e+03
3.215060058593750000e+03 3.162513671875000000e+03 3.109811523437500000e+03 3.056197998046875000e+03 3.001606689453125000e+03 2.946665771484375000e+03 2.892379638671875000e+03 2.839691650390625000e+03 2.789248046875000000e+03 2.741380371093750000e+03 2.696122070312500000e+03 2.653193115234375000e+03 2.612046142578125000e+03
2.572030761718750000e+03 2.532609863281250000e+03 2.493483398437500000e+03 2.454580078125000000e+03 2.415981201171875000e+03 2.377870361328125000e+03 2.340512695312500000e+03 2.304194824218750000e+03 2.269113281250000000e+03 2.235299316406250000e+03 2.202646240234375000e+03 2.170998779296875000e+03 2.140201904296875000e+03
2.110094238281250000e+03 2.080512207031250000e+03 2.051339599609375000e+03 2.022558837890625000e+03 1.994240112304687500e+03 1.966469604492187500e+03 1.939300048828125000e+03 1.912760742187500000e+03 1.886886230468750000e+03 1.769687377929687500e+03 1.269239868164062500e+03 9.009788208007812500e+02 6.364657592773437500e+02
4.476336669921875000e+02 3.135678100585937500e+02 2.188567504882812500e+02 1.522460784912109375e+02 1.055878448486328125e+02 7.302544403076171875e+01 5.037619400024414062e+01 3.466988754272460938e+01 2.380867004394531250e+01 1.631696510314941406e+01 1.116155624389648438e+01 7.621511936187744141e+00 3.160595625000000000e+05
3.160592812500000000e+05 3.160589062500000000e+05 3.160584375000000000e+05 3.160579062500000000e+05 3.160572187500000000e+05 3.160563750000000000e+05 3.160553750000000000e+05 3.160541562500000000e+05 3.160526562500000000e+05 3.160508125000000000e+05 3.160485937500000000e+05 3.160458750000000000e+05 3.160425625000000000e+05
3.160385312500000000e+05 3.160335937500000000e+05 3.160275937500000000e+05 3.160202812500000000e+05 3.160113437500000000e+05 3.160004687500000000e+05 3.159871875000000000e+05 3.159710312500000000e+05 3.159513125000000000e+05 3.159272812500000000e+05 3.158979687500000000e+05 3.158622500000000000e+05 3.158186562500000000e+05
3.157655937500000000e+05 3.157008750000000000e+05 3.156219375000000000e+05 3.155257500000000000e+05 3.154085312500000000e+05 3.152656562500000000e+05 3.150915000000000000e+05 3.148793125000000000e+05 3.146207812500000000e+05 3.143058125000000000e+05 3.139221562500000000e+05 3.134549687500000000e+05 3.128861250000000000e+05
3.121938437500000000e+05 3.113515312500000000e+05 3.103272500000000000e+05 3.090823750000000000e+05 3.075704375000000000e+05 3.057357500000000000e+05 3.035116250000000000e+05 3.008189062500000000e+05 2.975639062500000000e+05 2.936366250000000000e+05 2.889092500000000000e+05 2.832348125000000000e+05 2.764472812500000000e+05
2.683628750000000000e+05 2.587841093750000000e+05 2.475077500000000000e+05 2.343381093750000000e+05 2.191079218750000000e+05 2.017085781250000000e+05 1.821315625000000000e+05 1.605210468750000000e+05 1.372348437500000000e+05 1.129049609375000000e+05 8.848010156250000000e+04 6.522129687500000000e+04 4.461085156250000000e+04
2.813135937500000000e+04 1.689892382812500000e+04 1.119437792968750000e+04 1.006294824218750000e+04 1.128844628906250000e+04 1.207369238281250000e+04 1.045216601562500000e+04 6.699452636718750000e+03 3.266469726562500000e+03 2.354652099609375000e+03 3.126048583984375000e+03 2.806190185546875000e+03 1.313842773437500000e+03
1.033349487304687500e+03 1.195557739257812500e+03 5.260583496093750000e+02 6.071887207031250000e+02 3.304900512695312500e+02 3.373302612304687500e+02 2.144964294433593750e+02 1.673874359130859375e+02 1.338194732666015625e+02 1.089468231201171875e+02 8.984255218505859375e+01 7.467878723144531250e+01 6.231859970092773438e+01
5.210161590576171875e+01 4.363546752929687500e+01 3.665594863891601562e+01 3.094917106628417969e+01 2.533888435363769531e+01 2.107342338562011719e+01 1.785049629211425781e+01 1.538880538940429688e+01 1.344534778594970703e+01 1.183586597442626953e+01 1.044050598144531250e+01 9.194213867187500000e+00 8.070871353149414062e+00
7.065997600555419922e+00 6.183183193206787109e+00 5.426265239715576172e+00 4.794106006622314453e+00 4.276507377624511719e+00 3.854242801666259766e+00 3.504089832305908203e+00 3.204673528671264648e+00 2.938971757888793945e+00 2.694808006286621094e+00 2.465328931808471680e+00 2.248908519744873047e+00 2.047373056411743164e+00
1.863521099090576172e+00 1.699474453926086426e+00 1.555983543395996094e+00 1.432150363922119141e+00 1.325554132461547852e+00 1.232851743698120117e+00 1.150501728057861328e+00 1.075324058532714844e+00 1.004941821098327637e+00 9.380722045898437500e-01 8.744534850120544434e-01 8.144286274909973145e-01 7.585168480873107910e-01
7.071815729141235352e-01 6.607049107551574707e-01 6.190537214279174805e-01 5.818120241165161133e-01 5.482787489891052246e-01 5.176762342453002930e-01 4.893176555633544922e-01 4.626736640930175781e-01 4.373910725116729736e-01 4.133043587207794189e-01 3.904198706150054932e-01 3.688472509384155273e-01 3.487038910388946533e-01
3.300450742244720459e-01 3.128452003002166748e-01 2.970130443572998047e-01 2.824094891548156738e-01 2.688606977462768555e-01 2.561821937561035156e-01 2.442134767770767212e-01 2.328439652919769287e-01 2.220157980918884277e-01 2.117098271846771240e-01 2.019279450178146362e-01 1.926792711019515991e-01 1.839708834886550903e-01
1.757999807596206665e-01 1.681462228298187256e-01 1.609693467617034912e-01 1.542176008224487305e-01 1.478401571512222290e-01 1.417938917875289917e-01 1.360424607992172241e-01 1.305565387010574341e-01 1.253173947334289551e-01 1.203183978796005249e-01 1.155588924884796143e-01 1.110362783074378967e-01 1.067433729767799377e-01
1.026705726981163025e-01 9.880699962377548218e-02 9.513927251100540161e-02 9.165113419294357300e-02 8.832553774118423462e-02 8.514807373285293579e-02 8.210821449756622314e-02 7.919850945472717285e-02 7.641271501779556274e-02 7.374546676874160767e-02 7.119289785623550415e-02 6.875229626893997192e-02 6.642021983861923218e-02
6.419140100479125977e-02 6.205950677394866943e-02 6.001855060458183289e-02 5.806332826614379883e-02 5.618876963853836060e-02 5.438952520489692688e-02 5.266076326370239258e-02 5.099904909729957581e-02 4.940214380621910095e-02 4.786785319447517395e-02 4.639346525073051453e-02 4.497624933719635010e-02 4.361399635672569275e-02
3.768861666321754456e-02 1.781662367284297943e-02 8.284271694719791412e-03 3.833326976746320724e-03 1.765988301485776901e-03 8.103325963020324707e-04 3.704769187606871128e-04 1.688180636847391725e-04 7.669386832276359200e-05 3.474539698800072074e-05 1.570100357639603317e-05 7.078442195052048191e-06 3.184260322086629458e-06
1.429582084711000789e-06 6.406226020772010088e-07 2.865786825623217737e-07 3.160594375000000000e+05 3.160590625000000000e+05 3.160586562500000000e+05 3.160581562500000000e+05 3.160575312500000000e+05 3.160567812500000000e+05 3.160558750000000000e+05 3.160547187500000000e+05 3.160533750000000000e+05 3.160517187500000000e+05
3.160496875000000000e+05 3.160471875000000000e+05 3.160441875000000000e+05 3.160405000000000000e+05 3.160360312500000000e+05 3.160305312500000000e+05 3.160238437500000000e+05 3.160157187500000000e+05 3.160058125000000000e+05 3.159936875000000000e+05 3.159789687500000000e+05 3.159609687500000000e+05 3.159390625000000000e+05
3.159123125000000000e+05 3.158797187500000000e+05 3.158400000000000000e+05 3.157915625000000000e+05 3.157325312500000000e+05 3.156605937500000000e+05 3.155728437500000000e+05 3.154659375000000000e+05 3.153355937500000000e+05 3.151767812500000000e+05 3.149832187500000000e+05 3.147474062500000000e+05 3.144600625000000000e+05
3.141101250000000000e+05 3.136838750000000000e+05 3.131649062500000000e+05 3.125332187500000000e+05 3.117645937500000000e+05 3.108297812500000000e+05 3.096934687500000000e+05 3.083130937500000000e+05 3.066376562500000000e+05 3.046060625000000000e+05 3.021455000000000000e+05 2.991699062500000000e+05 2.955777500000000000e+05
2.912509687500000000e+05 2.860532187500000000e+05 2.798297187500000000e+05 2.724080000000000000e+05 2.636010625000000000e+05 2.532136718750000000e+05 2.410535000000000000e+05 2.269488281250000000e+05 2.107743906250000000e+05 1.924875312500000000e+05 1.721746250000000000e+05 1.501060937500000000e+05 1.267929140625000000e+05
1.030307500000000000e+05 7.990727343750000000e+04 5.873863281250000000e+04 4.089827734375000000e+04 2.751532617187500000e+04 1.907733593750000000e+04 1.506296289062500000e+04 1.385335058593750000e+04 1.320381054687500000e+04 1.133188671875000000e+04 8.086535644531250000e+03 5.046794921875000000e+03 3.798657470703125000e+03
3.425125244140625000e+03 2.662768798828125000e+03 2.056752197265625000e+03 1.578294921875000000e+03 1.201852294921875000e+03 9.082339477539062500e+02 6.820464477539062500e+02 5.093645324707031250e+02 3.794411926269531250e+02 2.828563232421875000e+02 2.141354675292968750e+02 1.671042938232421875e+02 1.335917816162109375e+02
1.087604598999023438e+02 8.968827056884765625e+01 7.455029296875000000e+01 6.221143341064453125e+01 5.201226425170898438e+01 4.356097030639648438e+01 3.659370040893554688e+01 3.089689254760742188e+01 2.529630088806152344e+01 2.103808021545410156e+01 1.782050895690917969e+01 1.536282825469970703e+01 1.342251396179199219e+01
1.181565761566162109e+01 1.042261886596679688e+01 9.178449630737304688e+00 8.057057380676269531e+00 7.053947925567626953e+00 6.172688007354736328e+00 5.417095661163330078e+00 4.786028385162353516e+00 4.269306182861328125e+00 3.847741365432739258e+00 3.498159885406494141e+00 3.199229717254638672e+00 2.933963060379028320e+00
2.690205812454223633e+00 2.461117267608642578e+00 2.245071172714233398e+00 2.043887615203857422e+00 1.860357284545898438e+00 1.696596384048461914e+00 1.553352713584899902e+00 1.429729580879211426e+00 1.323311805725097656e+00 1.230762481689453125e+00 1.148548007011413574e+00 1.073494791984558105e+00 1.003230333328247070e+00
9.364740848541259766e-01 8.729646205902099609e-01 8.130435943603515625e-01 7.572287321090698242e-01 7.059821486473083496e-01 6.595852971076965332e-01 6.180049180984497070e-01 5.808260440826416016e-01 5.473487377166748047e-01 5.167973637580871582e-01 4.884861111640930176e-01 4.618869721889495850e-01 4.366471767425537109e-01
4.126015603542327881e-01 3.897563219070434570e-01 3.682207763195037842e-01 3.481120169162750244e-01 3.294851183891296387e-01 3.123145103454589844e-01 2.965091764926910400e-01 2.819302380084991455e-01 2.684042751789093018e-01 2.557470798492431641e-01 2.437985539436340332e-01 2.324482947587966919e-01 2.216385453939437866e-01
2.113501429557800293e-01 2.015849947929382324e-01 1.923521012067794800e-01 1.836585700511932373e-01 1.755015701055526733e-01 1.678608059883117676e-01 1.606961041688919067e-01 1.539557725191116333e-01 1.475891023874282837e-01 1.415530592203140259e-01 1.358113735914230347e-01 1.303347796201705933e-01 1.251045465469360352e-01
1.201140433549880981e-01 1.153626590967178345e-01 1.108477413654327393e-01 1.065621450543403625e-01 1.024962663650512695e-01 9.863924235105514526e-02 9.497772902250289917e-02 9.149549901485443115e-02 8.817555010318756104e-02 8.500347286462783813e-02 8.196877688169479370e-02 7.906401157379150391e-02 7.628294825553894043e-02
7.362022995948791504e-02 7.107200473546981812e-02 6.863555312156677246e-02 6.630743294954299927e-02 6.408240646123886108e-02 6.195412948727607727e-02 5.991663038730621338e-02 5.796473100781440735e-02 5.609334632754325867e-02 5.429716035723686218e-02 5.257133394479751587e-02 5.091244354844093323e-02 4.931825026869773865e-02
4.778656363487243652e-02 4.631468281149864197e-02 4.489987716078758240e-02 4.353993386030197144e-02 3.762461617588996887e-02 1.778636872768402100e-02 8.270204067230224609e-03 3.826817497611045837e-03 1.762989442795515060e-03 8.089565671980381012e-04 3.698478103615343571e-04 1.685313909547403455e-04 7.656363595742732286e-05
3.468639624770730734e-05 1.567434264870826155e-05 7.066422313073417172e-06 3.178853603458264843e-06 1.427154757038806565e-06 6.395350737875560299e-07 2.860923018488392700e-07 2.724093125000000000e+05 2.724090937500000000e+05 2.724088125000000000e+05 2.724084375000000000e+05 2.724080312500000000e+05 2.724075312500000000e+05
2.724069062500000000e+05 2.724061250000000000e+05 2.724052187500000000e+05 2.724040625000000000e+05 2.724026875000000000e+05 2.724010000000000000e+05 2.723989375000000000e+05 2.723964375000000000e+05 2.723934062500000000e+05 2.723896875000000000e+05 2.723851250000000000e+05 2.723796250000000000e+05 2.723728750000000000e+05
2.723646562500000000e+05 2.723546250000000000e+05 2.723424375000000000e+05 2.723275000000000000e+05 2.723093750000000000e+05 2.722872187500000000e+05 2.722602187500000000e+05 2.722273437500000000e+05 2.721872187500000000e+05 2.721383125000000000e+05 2.720787187500000000e+05 2.720060312500000000e+05 2.719175000000000000e+05
2.718095625000000000e+05 2.716780000000000000e+05 2.715177187500000000e+05 2.713224062500000000e+05 2.710844687500000000e+05 2.707946250000000000e+05 2.704416562500000000e+05 2.700119375000000000e+05 2.694889062500000000e+05 2.688525312500000000e+05 2.680786562500000000e+05 2.671380312500000000e+05 2.659955937500000000e+05
2.646091562500000000e+05 2.629283125000000000e+05 2.608931562500000000e+05 2.584326875000000000e+05 2.554637500000000000e+05 2.518891093750000000e+05 2.475972968750000000e+05 2.424619375000000000e+05 2.363428750000000000e+05 2.290887968750000000e+05 2.205430781250000000e+05 2.105529531250000000e+05 1.989847343750000000e+05
1.857452031250000000e+05 1.708109687500000000e+05 1.542656718750000000e+05 1.363424218750000000e+05 1.174650546875000000e+05 9.827595312500000000e+04 7.962989062500000000e+04 6.333250000000000000e+04 4.907704296875000000e+04 3.793710546875000000e+04 3.049053515625000000e+04 2.611480273437500000e+04 2.338106250000000000e+04
2.075508984375000000e+04 1.738814062500000000e+04 1.352488769531250000e+04 1.038492773437500000e+04 8.654204101562500000e+03 7.507025390625000000e+03 5.908304199218750000e+03 4.369099121093750000e+03 3.607840087890625000e+03 2.853603271484375000e+03 2.076293701171875000e+03 1.673045166015625000e+03 1.210944213867187500e+03
9.518175659179687500e+02 6.993868408203125000e+02 5.705134277343750000e+02 4.416678466796875000e+02 3.759804687500000000e+02 3.014656066894531250e+02 2.564178466796875000e+02 2.046905822753906250e+02 1.590526580810546875e+02 1.383448944091796875e+02 1.178590011596679688e+02 1.181671142578125000e+02 9.375025177001953125e+01
6.907045745849609375e+01 6.601753234863281250e+01 5.530749893188476562e+01 4.732325363159179688e+01 4.083885955810546875e+01 3.843819808959960938e+01 3.274406051635742188e+01 2.822004890441894531e+01 2.572622871398925781e+01 2.266110610961914062e+01 2.052036857604980469e+01 1.915050125122070312e+01 1.629425430297851562e+01
1.319396114349365234e+01 1.251544094085693359e+01 1.163455390930175781e+01 9.931489944458007812e+00 9.266553878784179688e+00 9.052100181579589844e+00 7.954354763031005859e+00 6.836856365203857422e+00 6.729388236999511719e+00 6.274163246154785156e+00 5.377419471740722656e+00 5.009955883026123047e+00 4.886223793029785156e+00
4.411792278289794922e+00 4.016762733459472656e+00 3.899804592132568359e+00 3.579310894012451172e+00 3.295051097869873047e+00 3.202629327774047852e+00 2.924330234527587891e+00 2.628631114959716797e+00 2.572154283523559570e+00 2.501342773437500000e+00 2.125468492507934570e+00 2.060108661651611328e+00 2.068965911865234375e+00
1.908419489860534668e+00 1.645932912826538086e+00 1.714053273200988770e+00 1.636813521385192871e+00 1.462815523147583008e+00 1.376665949821472168e+00 1.384739279747009277e+00 1.260095596313476562e+00 1.180066108703613281e+00 1.164517760276794434e+00 1.067525148391723633e+00 1.014373660087585449e+00 1.006986856460571289e+00
9.471259713172912598e-01 8.390852808952331543e-01 8.709905743598937988e-01 8.494151830673217773e-01 7.423487901687622070e-01 7.106200456619262695e-01 7.455938458442687988e-01 6.872453093528747559e-01 6.007890701293945312e-01 6.308349967002868652e-01 6.095386147499084473e-01 5.597670674324035645e-01 5.246300697326660156e-01
5.433633327484130859e-01 4.894014000892639160e-01 4.811721742153167725e-01 4.683566391468048096e-01 4.392752051353454590e-01 4.137824177742004395e-01 4.267994463443756104e-01 4.006144404411315918e-01 3.521803617477416992e-01 3.753300309181213379e-01 3.688406646251678467e-01 3.299908339977264404e-01 3.052895963191986084e-01
3.398199975490570068e-01 3.057990372180938721e-01 2.788500785827636719e-01 2.828816771507263184e-01 2.870050370693206787e-01 2.570608258247375488e-01 2.505447268486022949e-01 2.550771534442901611e-01 2.318884134292602539e-01 2.322505414485931396e-01 2.277497947216033936e-01 2.141526639461517334e-01 1.985105872154235840e-01
2.161542326211929321e-01 1.978276968002319336e-01 1.766029745340347290e-01 1.868589818477630615e-01 1.904728710651397705e-01 1.677674055099487305e-01 1.556866914033889771e-01 1.764623671770095825e-01 1.328968554735183716e-01 6.926515698432922363e-02 3.195678442716598511e-02 1.218473818153142929e-02 7.573975250124931335e-03
3.395364619791507721e-03 1.224746112711727619e-03 6.046356866136193275e-04 2.422340476186946034e-04 1.661644491832703352e-04 4.053404336445964873e-05 2.582070919743273407e-05 1.008368690236238763e-05 3.276227744208881631e-06 2.343319465580862015e-06 2.018530040004407056e-06 2.372670937500000000e+05 2.372670625000000000e+05
2.372670468750000000e+05 2.372670156250000000e+05 2.372669843750000000e+05 2.372669687500000000e+05 2.372669218750000000e+05 2.372668906250000000e+05 2.372668125000000000e+05 2.372667500000000000e+05 2.372666406250000000e+05 2.372665468750000000e+05 2.372664062500000000e+05 2.372662500000000000e+05 2.372660468750000000e+05
2.372658125000000000e+05 2.372655312500000000e+05 2.372651562500000000e+05 2.372647187500000000e+05 2.372641875000000000e+05 2.372635312500000000e+05 2.372627500000000000e+05 2.372617812500000000e+05 2.372606250000000000e+05 2.372591718750000000e+05 2.372574375000000000e+05 2.372552968750000000e+05 2.372526875000000000e+05
2.372495468750000000e+05 2.372456718750000000e+05 2.372409843750000000e+05 2.372352343750000000e+05 2.372282500000000000e+05 2.372197343750000000e+05 2.372093281250000000e+05 2.371966562500000000e+05 2.371812187500000000e+05 2.371624062500000000e+05 2.371394687500000000e+05 2.371115156250000000e+05 2.370774687500000000e+05
2.370359843750000000e+05 2.369854375000000000e+05 2.369238906250000000e+05 2.368489531250000000e+05 2.367577343750000000e+05 2.366467187500000000e+05 2.365117187500000000e+05 2.363475937500000000e+05 2.361482031250000000e+05 2.359061562500000000e+05 2.356126250000000000e+05 2.352570156250000000e+05 2.348268437500000000e+05
2.343072968750000000e+05 2.336811250000000000e+05 2.329282031250000000e+05 2.320255000000000000e+05 2.309469531250000000e+05 2.296635312500000000e+05 2.281436562500000000e+05 2.263538125000000000e+05 2.242596093750000000e+05 2.218272500000000000e+05 2.190251250000000000e+05 2.158320312500000000e+05 2.122152968750000000e+05
2.081609843750000000e+05 2.036597812500000000e+05 1.987017656250000000e+05 1.932765312500000000e+05 1.873736875000000000e+05 1.809841718750000000e+05 1.741025937500000000e+05 1.667309531250000000e+05 1.588765468750000000e+05 1.505526562500000000e+05 1.417904687500000000e+05 1.326547968750000000e+05 1.232450390625000000e+05
1.136948750000000000e+05 1.041895625000000000e+05 9.495975000000000000e+04 8.625801562500000000e+04 7.833123437500000000e+04 7.158573437500000000e+04 6.627646093750000000e+04 6.196501562500000000e+04 5.831386718750000000e+04 5.506839843750000000e+04 5.201603906250000000e+04 4.900291796875000000e+04 4.598263671875000000e+04
4.299504296875000000e+04 4.012244531250000000e+04 3.744573046875000000e+04 3.448397265625000000e+04 3.200741601562500000e+04 3.003634375000000000e+04 2.850146484375000000e+04 2.726405664062500000e+04 2.617049609375000000e+04 2.509808593750000000e+04 2.397628320312500000e+04 2.278913085937500000e+04 2.156233398437500000e+04
2.034558007812500000e+04 1.920009570312500000e+04 1.818431054687500000e+04 1.733156250000000000e+04 1.663628125000000000e+04 1.606316894531250000e+04 1.556772949218750000e+04 1.510664746093750000e+04 1.464175000000000000e+04 1.414818164062500000e+04 1.362241699218750000e+04 1.307950683593750000e+04 1.254253027343750000e+04
1.203433496093750000e+04 1.157319726562500000e+04 1.116900097656250000e+04 1.082092773437500000e+04 1.051908496093750000e+04 1.024831054687500000e+04 9.991711914062500000e+03 9.734594726562500000e+03 9.468648437500000000e+03 9.193459960937500000e+03 8.914103515625000000e+03 8.637755859375000000e+03 8.372004882812500000e+03
8.123889160156250000e+03 7.897985839843750000e+03 7.694619628906250000e+03 7.510104003906250000e+03 7.338834472656250000e+03 7.175252929687500000e+03 7.014702148437500000e+03 6.853880371093750000e+03 6.691447265625000000e+03 6.528375488281250000e+03 6.367363281250000000e+03 6.211510253906250000e+03 6.063178222656250000e+03
5.923598144531250000e+03 5.793013671875000000e+03 5.670792480468750000e+03 5.555439453125000000e+03 5.444878906250000000e+03 5.337097167968750000e+03 5.230742187500000000e+03 5.125314453125000000e+03 5.021003906250000000e+03 4.918412597656250000e+03 4.818326171875000000e+03 4.721550781250000000e+03 4.628743652343750000e+03
4.540198730468750000e+03 4.455700195312500000e+03 4.374654296875000000e+03 4.296395996093750000e+03 4.220372558593750000e+03 4.146099609375000000e+03 4.073161621093750000e+03 4.001368652343750000e+03 3.930868652343750000e+03 3.861994873046875000e+03 3.795016845703125000e+03 3.730057128906250000e+03 3.667167480468750000e+03
3.606364013671875000e+03 3.547568359375000000e+03 3.490565917968750000e+03 3.435068359375000000e+03 3.380835693359375000e+03 3.327739501953125000e+03 3.275735595703125000e+03 3.224800781250000000e+03 3.174928222656250000e+03 3.126163574218750000e+03 3.078599121093750000e+03 3.032297607421875000e+03 2.987238525390625000e+03
2.943339355468750000e+03 2.900524414062500000e+03 2.858743896484375000e+03 2.817938232421875000e+03 2.778014648437500000e+03 2.738886230468750000e+03 2.700522949218750000e+03 2.662947753906250000e+03 2.626180664062500000e+03 2.590206054687500000e+03 2.554999023437500000e+03 2.520560302734375000e+03 2.363356445312500000e+03
1.694913696289062500e+03 1.203059204101562500e+03 8.498078002929687500e+02 5.976488647460937500e+02 4.186355590820312500e+02 2.921791992187500000e+02 2.032465209960937500e+02 1.409553833007812500e+02 9.748453521728515625e+01 6.724871826171875000e+01 4.628213119506835938e+01 3.178370285034179688e+01 2.178346252441406250e+01
1.490199184417724609e+01 1.017685699462890625e+01 2.370456718750000000e+05 2.370456562500000000e+05 2.370456406250000000e+05 2.370456250000000000e+05 2.370455937500000000e+05 2.370455625000000000e+05 2.370455312500000000e+05 2.370454843750000000e+05 2.370454375000000000e+05 2.370453593750000000e+05 2.370452812500000000e+05
2.370451875000000000e+05 2.370450781250000000e+05 2.370449218750000000e+05 2.370447343750000000e+05 2.370445156250000000e+05 2.370442656250000000e+05 2.370439218750000000e+05 2.370435468750000000e+05 2.370430468750000000e+05 2.370424531250000000e+05 2.370417500000000000e+05 2.370408750000000000e+05 2.370398125000000000e+05
2.370385000000000000e+05 2.370369062500000000e+05 2.370349843750000000e+05 2.370325937500000000e+05 2.370297187500000000e+05 2.370262187500000000e+05 2.370219531250000000e+05 2.370167343750000000e+05 2.370103750000000000e+05 2.370026250000000000e+05 2.369931718750000000e+05 2.369816562500000000e+05 2.369676250000000000e+05
2.369505000000000000e+05 2.369296562500000000e+05 2.369042343750000000e+05 2.368732812500000000e+05 2.368355312500000000e+05 2.367895468750000000e+05 2.367335468750000000e+05 2.366653125000000000e+05 2.365822500000000000e+05 2.364811406250000000e+05 2.363581093750000000e+05 2.362084531250000000e+05 2.360265000000000000e+05
2.358054531250000000e+05 2.355371093750000000e+05 2.352116250000000000e+05 2.348172968750000000e+05 2.343401875000000000e+05 2.337639062500000000e+05 2.330691718750000000e+05 2.322336718750000000e+05 2.312317343750000000e+05 2.300343281250000000e+05 2.286091093750000000e+05 2.269208906250000000e+05 2.249324375000000000e+05
2.226056406250000000e+05 2.199033437500000000e+05 2.167928125000000000e+05 2.132431250000000000e+05 2.092334218750000000e+05 2.047507656250000000e+05 1.997890937500000000e+05 1.943469218750000000e+05 1.884234218750000000e+05 1.820148750000000000e+05 1.751142656250000000e+05 1.677159531250000000e+05 1.598229687500000000e+05
1.514538593750000000e+05 1.426465468750000000e+05 1.334630312500000000e+05 1.239987812500000000e+05 1.143931953125000000e+05 1.048328984375000000e+05 9.554746875000000000e+04 8.679383593750000000e+04 7.881873437500000000e+04 7.203232812500000000e+04 6.669041406250000000e+04 6.235263281250000000e+04 5.867889062500000000e+04
5.541344140625000000e+04 5.234213671875000000e+04 4.931035546875000000e+04 4.627133593750000000e+04 4.326504687500000000e+04 4.037448437500000000e+04 3.768090234375000000e+04 3.470063671875000000e+04 3.220863281250000000e+04 3.022516406250000000e+04 2.868068164062500000e+04 2.743552539062500000e+04 2.633511914062500000e+04
2.525596679687500000e+04 2.412713281250000000e+04 2.293252929687500000e+04 2.169801953125000000e+04 2.047361718750000000e+04 1.932093164062500000e+04 1.829875195312500000e+04 1.744065234375000000e+04 1.674100976562500000e+04 1.616429101562500000e+04 1.566573535156250000e+04 1.520175976562500000e+04 1.473393847656250000e+04
1.423726074218750000e+04 1.370819042968750000e+04 1.316186621093750000e+04 1.262150878906250000e+04 1.211011425781250000e+04 1.164607617187500000e+04 1.123933691406250000e+04 1.088907128906250000e+04 1.058532910156250000e+04 1.031285156250000000e+04 1.005463769531250000e+04 9.795901367187500000e+03 9.528281250000000000e+03
9.251360351562500000e+03 8.970246093750000000e+03 8.692159179687500000e+03 8.424735351562500000e+03 8.175055175781250000e+03 7.947731445312500000e+03 7.743084472656250000e+03 7.557405273437500000e+03 7.385059082031250000e+03 7.220447753906250000e+03 7.058885253906250000e+03 6.897050781250000000e+03 6.733595214843750000e+03
6.569497070312500000e+03 6.407469726562500000e+03 6.250636230468750000e+03 6.101370117187500000e+03 5.960910644531250000e+03 5.829504394531250000e+03 5.706513183593750000e+03 5.590433593750000000e+03 5.479177246093750000e+03 5.370717285156250000e+03 5.263691406250000000e+03 5.157600097656250000e+03 5.052632812500000000e+03
4.949395019531250000e+03 4.848678222656250000e+03 4.751292968750000000e+03 4.657902343750000000e+03 4.568799316406250000e+03 4.483768066406250000e+03 4.402211914062500000e+03 4.323460937500000000e+03 4.246958007812500000e+03 4.172217773437500000e+03 4.098820800781250000e+03 4.026575195312500000e+03 3.955631103515625000e+03
3.886323486328125000e+03 3.818923583984375000e+03 3.753554931640625000e+03 3.690269042968750000e+03 3.629082519531250000e+03 3.569916259765625000e+03 3.512555175781250000e+03 3.456708007812500000e+03 3.402133544921875000e+03 3.348703125000000000e+03 3.296371337890625000e+03 3.245115722656250000e+03 3.194929199218750000e+03
3.145857666015625000e+03 3.097993164062500000e+03 3.051400390625000000e+03 3.006057128906250000e+03 2.961881591796875000e+03 2.918796875000000000e+03 2.876753173828125000e+03 2.835690429687500000e+03 2.795515380859375000e+03 2.756140625000000000e+03 2.717535644531250000e+03 2.679723876953125000e+03 2.642724853515625000e+03
2.606523925781250000e+03 2.571094970703125000e+03 2.536439453125000000e+03 2.378245361328125000e+03 1.705591552734375000e+03 1.210638549804687500e+03 8.551616821289062500e+02 6.014141235351562500e+02 4.212730102539062500e+02 2.940199890136718750e+02 2.045270233154296875e+02 1.418434295654296875e+02 9.809870147705078125e+01
6.767240142822265625e+01 4.657371520996093750e+01 3.198394775390625000e+01 2.192070198059082031e+01 1.499587821960449219e+01 1.024097347259521484e+01 2.453530468750000000e+05 2.453530312500000000e+05 2.453530156250000000e+05 2.453529687500000000e+05 2.453529375000000000e+05 2.453528593750000000e+05 2.453528125000000000e+05
2.453527343750000000e+05 2.453526562500000000e+05 2.453525312500000000e+05 2.453523906250000000e+05 2.453522343750000000e+05 2.453520312500000000e+05 2.453517812500000000e+05 2.453514687500000000e+05 2.453511093750000000e+05 2.453506406250000000e+05 2.453500781250000000e+05 2.453494062500000000e+05 2.453485937500000000e+05
2.453475937500000000e+05 2.453463906250000000e+05 2.453448906250000000e+05 2.453430781250000000e+05 2.453408750000000000e+05 2.453381875000000000e+05 2.453349062500000000e+05 2.453308906250000000e+05 2.453260156250000000e+05 2.453200625000000000e+05 2.453128281250000000e+05 2.453039687500000000e+05 2.452932031250000000e+05
2.452800468750000000e+05 2.452640312500000000e+05 2.452445312500000000e+05 2.452207500000000000e+05 2.451917656250000000e+05 2.451564687500000000e+05 2.451134531250000000e+05 2.450610937500000000e+05 2.449972968750000000e+05 2.449196406250000000e+05 2.448251562500000000e+05 2.447102031250000000e+05 2.445704531250000000e+05
2.444006406250000000e+05 2.441944531250000000e+05 2.439443437500000000e+05 2.436412500000000000e+05 2.432744687500000000e+05 2.428313281250000000e+05 2.422969531250000000e+05 2.416541093750000000e+05 2.408829843750000000e+05 2.399611718750000000e+05 2.388637656250000000e+05 2.375637968750000000e+05 2.360329375000000000e+05
2.342427343750000000e+05 2.321662812500000000e+05 2.297804687500000000e+05 2.270684062500000000e+05 2.240216875000000000e+05 2.206413906250000000e+05 2.169433750000000000e+05 2.129300312500000000e+05 2.086109062500000000e+05 2.039774062500000000e+05 1.989898125000000000e+05 1.935807968750000000e+05 1.876765937500000000e+05
1.812324843750000000e+05 1.742606406250000000e+05 1.668188125000000000e+05 1.589454218750000000e+05 1.506288906250000000e+05 1.418562031250000000e+05 1.326905468750000000e+05 1.232728359375000000e+05 1.137231406250000000e+05 1.042042812500000000e+05 9.497449218750000000e+04 8.626686718750000000e+04 7.833942968750000000e+04
7.159121875000000000e+04 6.628073437500000000e+04 6.196843750000000000e+04 5.831666015625000000e+04 5.507069531250000000e+04 5.201794921875000000e+04 4.900451171875000000e+04 4.598397265625000000e+04 4.299615625000000000e+04 4.012338281250000000e+04 3.744652343750000000e+04 3.448462500000000000e+04 3.200795507812500000e+04
3.003680273437500000e+04 2.850185742187500000e+04 2.726439843750000000e+04 2.617079882812500000e+04 2.509835351562500000e+04 2.397651953125000000e+04 2.278933593750000000e+04 2.156251562500000000e+04 2.034573632812500000e+04 1.920023632812500000e+04 1.818443164062500000e+04 1.733167187500000000e+04 1.663638085937500000e+04
1.606325781250000000e+04 1.556781152343750000e+04 1.510672363281250000e+04 1.464181933593750000e+04 1.414824414062500000e+04 1.362247363281250000e+04 1.307955859375000000e+04 1.254257812500000000e+04 1.203437792968750000e+04 1.157323632812500000e+04 1.116903808593750000e+04 1.082096191406250000e+04 1.051911718750000000e+04
1.024834082031250000e+04 9.991739257812500000e+03 9.734620117187500000e+03 9.468671875000000000e+03 9.193482421875000000e+03 8.914124023437500000e+03 8.637774414062500000e+03 8.372023437500000000e+03 8.123905761718750000e+03 7.898001953125000000e+03 7.694634277343750000e+03 7.510117187500000000e+03 7.338847656250000000e+03
7.175264648437500000e+03 7.014713867187500000e+03 6.853891113281250000e+03 6.691457519531250000e+03 6.528385742187500000e+03 6.367372070312500000e+03 6.211519042968750000e+03 6.063186523437500000e+03 5.923605957031250000e+03 5.793021484375000000e+03 5.670799804687500000e+03 5.555446777343750000e+03 5.444885742187500000e+03
5.337103515625000000e+03 5.230748046875000000e+03 5.125320312500000000e+03 5.021009277343750000e+03 4.918417480468750000e+03 4.818331054687500000e+03 4.721555175781250000e+03 4.628748535156250000e+03 4.540203125000000000e+03 4.455704589843750000e+03 4.374658203125000000e+03 4.296400390625000000e+03 4.220375976562500000e+03
4.146103515625000000e+03 4.073165283203125000e+03 4.001371826171875000e+03 3.930871826171875000e+03 3.861997802734375000e+03 3.795019531250000000e+03 3.730060058593750000e+03 3.667170166015625000e+03 3.606366455078125000e+03 3.547570556640625000e+03 3.490568359375000000e+03 3.435070556640625000e+03 3.380837890625000000e+03
3.327741699218750000e+03 3.275737548828125000e+03 3.224802490234375000e+03 3.174929931640625000e+03 3.126165527343750000e+03 3.078600830078125000e+03 3.032299316406250000e+03 2.987240234375000000e+03 2.943341064453125000e+03 2.900525878906250000e+03 2.858745361328125000e+03 2.817939453125000000e+03 2.778015869140625000e+03
2.738887695312500000e+03 2.700524414062500000e+03 2.662949218750000000e+03 2.626181884765625000e+03 2.590207275390625000e+03 2.555000244140625000e+03 2.520561523437500000e+03 2.363357421875000000e+03 1.694914184570312500e+03 1.203059448242187500e+03 8.498079223632812500e+02 5.976488647460937500e+02 4.186355590820312500e+02
2.921791992187500000e+02 2.032465362548828125e+02 1.409553833007812500e+02 9.748453521728515625e+01 6.724871826171875000e+01 4.628213119506835938e+01 3.178370285034179688e+01 2.178346252441406250e+01 1.490199184417724609e+01 1.017685699462890625e+01 -6.045634150505065918e-01 -6.045633554458618164e-01 -6.045632958412170410e-01
-6.045631766319274902e-01 -6.045631170272827148e-01 -6.045629382133483887e-01 -6.045627593994140625e-01 -6.045626401901245117e-01 -6.045624017715454102e-01 -6.045620441436767578e-01 -6.045616865158081055e-01 -6.045612692832946777e-01 -6.045607328414916992e-01 -6.045601367950439453e-01 -6.045593023300170898e-01 -6.045584082603454590e-01
-6.045571565628051758e-01 -6.045557260513305664e-01 -6.045539975166320801e-01 -6.045519113540649414e-01 -6.045493483543395996e-01 -6.045461893081665039e-01 -6.045423150062561035e-01 -6.045376658439636230e-01 -6.045319437980651855e-01 -6.045250296592712402e-01 -6.045165061950683594e-01 -6.045061349868774414e-01 -6.044935584068298340e-01
-6.044781804084777832e-01 -6.044594049453735352e-01 -6.044365763664245605e-01 -6.044086813926696777e-01 -6.043747067451477051e-01 -6.043333411216735840e-01 -6.042828559875488281e-01 -6.042214035987854004e-01 -6.041464805603027344e-01 -6.040551662445068359e-01 -6.039439439773559570e-01 -6.038084626197814941e-01 -6.036434769630432129e-01
-6.034425497055053711e-01 -6.031979918479919434e-01 -6.029004454612731934e-01 -6.025385856628417969e-01 -6.020987033843994141e-01 -6.015642881393432617e-01 -6.009157299995422363e-01 -6.001291871070861816e-01 -5.991764664649963379e-01 -5.980243086814880371e-01 -5.966331958770751953e-01 -5.949571728706359863e-01 -5.929431319236755371e-01
-5.905302166938781738e-01 -5.876503586769104004e-01 -5.842285752296447754e-01 -5.801846981048583984e-01 -5.754364728927612305e-01 -5.699034929275512695e-01 -5.635139346122741699e-01 -5.562118887901306152e-01 -5.479660630226135254e-01 -5.387777090072631836e-01 -5.287025570869445801e-01 -5.177801847457885742e-01 -5.061050057411193848e-01
-4.937596321105957031e-01 -4.807635247707366943e-01 -4.670493304729461670e-01 -4.524660110473632812e-01 -4.368262588977813721e-01 -4.199913442134857178e-01 -4.019496142864227295e-01 -3.827954530715942383e-01 -3.626053035259246826e-01 -3.414308726787567139e-01 -3.193584084510803223e-01 -2.966310977935791016e-01 -2.736063003540039062e-01
-2.506980299949645996e-01 -2.284595519304275513e-01 -2.075062990188598633e-01 -1.884190142154693604e-01 -1.721814870834350586e-01 -1.594022959470748901e-01 -1.490262448787689209e-01 -1.402403116226196289e-01 -1.324317753314971924e-01 -1.250886768102645874e-01 -1.178408935666084290e-01 -1.105764657258987427e-01 -1.033910289406776428e-01
-9.648260474205017090e-02 -9.004524350166320801e-02 -8.292257040739059448e-02 -7.696671783924102783e-02 -7.222641259431838989e-02 -6.853511184453964233e-02 -6.555923819541931152e-02 -6.292933225631713867e-02 -6.035035103559494019e-02 -5.765269696712493896e-02 -5.479797720909118652e-02 -5.184794962406158447e-02 -4.892210662364959717e-02
-4.616766422986984253e-02 -4.372507706284523010e-02 -4.167453572154045105e-02 -4.000262916088104248e-02 -3.862448409199714661e-02 -3.743312135338783264e-02 -3.632438927888870239e-02 -3.520648553967475891e-02 -3.401964530348777771e-02 -3.275540471076965332e-02 -3.144995123147964478e-02 -3.015876002609729767e-02 -2.893677726387977600e-02
-2.782794646918773651e-02 -2.685603499412536621e-02 -2.601906843483448029e-02 -2.529327012598514557e-02 -2.464217320084571838e-02 -2.402516826987266541e-02 -2.340691350400447845e-02 -2.276743203401565552e-02 -2.210573479533195496e-02 -2.143401280045509338e-02 -2.076952531933784485e-02 -2.013052254915237427e-02 -1.953391917049884796e-02
-1.899073086678981781e-02 -1.850173063576221466e-02 -1.805805414915084839e-02 -1.764623261988162994e-02 -1.725289598107337952e-02 -1.686684787273406982e-02 -1.648014783859252930e-02 -1.608957536518573761e-02 -1.569746807217597961e-02 -1.531030889600515366e-02 -1.493556052446365356e-02 -1.457889471203088760e-02 -1.424327120184898376e-02
-1.392927952110767365e-02 -1.363539695739746094e-02 -1.335802953690290451e-02 -1.309218537062406540e-02 -1.283302344381809235e-02 -1.257729064673185349e-02 -1.232378836721181870e-02 -1.207297388464212418e-02 -1.182629261165857315e-02 -1.158563327044248581e-02 -1.135293580591678619e-02 -1.112978253513574600e-02 -1.091687474399805069e-02
-1.071369741111993790e-02 -1.051882281899452209e-02 -1.033065095543861389e-02 -1.014785096049308777e-02 -9.969262406229972839e-03 -9.793882258236408234e-03 -9.621256031095981598e-03 -9.451738558709621429e-03 -9.286131709814071655e-03 -9.125082753598690033e-03 -8.968887850642204285e-03 -8.817669935524463654e-03 -8.671467192471027374e-03
-8.530092425644397736e-03 -8.393031544983386993e-03 -8.259587921202182770e-03 -8.129185065627098083e-03 -8.001514710485935211e-03 -7.876472547650337219e-03 -7.753998972475528717e-03 -7.634081412106752396e-03 -7.516827434301376343e-03 -7.402457296848297119e-03 -7.291126530617475510e-03 -7.182781584560871124e-03 -7.077226415276527405e-03
-6.974278017878532410e-03 -6.873818114399909973e-03 -6.775700021535158157e-03 -6.679703947156667709e-03 -6.585620343685150146e-03 -6.493376102298498154e-03 -6.403027102351188660e-03 -6.314620841294527054e-03 -6.228120066225528717e-03 -6.143464706838130951e-03 -6.060657091438770294e-03 -5.682661663740873337e-03 -4.075396806001663208e-03
-2.892738441005349159e-03 -2.043349901214241982e-03 -1.437037484720349312e-03 -1.006602542474865913e-03 -7.025402737781405449e-04 -4.887030227109789848e-04 -3.389249322935938835e-04 -2.343999803997576237e-04 -1.616984518477693200e-04 -1.112846293835900724e-04 -7.642339915037155151e-05 -5.237797813606448472e-05 -3.583159923437051475e-05
-2.447008955641649663e-05 2.359610468750000000e+05 2.359610468750000000e+05 2.359610156250000000e+05 2.359610000000000000e+05 2.359609843750000000e+05 2.359609531250000000e+05 2.359609062500000000e+05 2.359608750000000000e+05 2.359608125000000000e+05 2.359607500000000000e+05 2.359606562500000000e+05 2.359605781250000000e+05
2.359604531250000000e+05 2.359602968750000000e+05 2.359601250000000000e+05 2.359599062500000000e+05 2.359596406250000000e+05 2.359593281250000000e+05 2.359589375000000000e+05 2.359584687500000000e+05 2.359578593750000000e+05 2.359571562500000000e+05 2.359562812500000000e+05 2.359552343750000000e+05 2.359539375000000000e+05
2.359523750000000000e+05 2.359504531250000000e+05 2.359481250000000000e+05 2.359452656250000000e+05 2.359417968750000000e+05 2.359375625000000000e+05 2.359324062500000000e+05 2.359260937500000000e+05 2.359184375000000000e+05 2.359090781250000000e+05 2.358976718750000000e+05 2.358837500000000000e+05 2.358668125000000000e+05
2.358461562500000000e+05 2.358209687500000000e+05 2.357902812500000000e+05 2.357529062500000000e+05 2.357073437500000000e+05 2.356518125000000000e+05 2.355842031250000000e+05 2.355018281250000000e+05 2.354015468750000000e+05 2.352794687500000000e+05 2.351309218750000000e+05 2.349502656250000000e+05 2.347306250000000000e+05
2.344637812500000000e+05 2.341398125000000000e+05 2.337469062500000000e+05 2.332709218750000000e+05 2.326951093750000000e+05 2.319996718750000000e+05 2.311615156250000000e+05 2.301538750000000000e+05 2.289461093750000000e+05 2.275038281250000000e+05 2.257890625000000000e+05 2.237610937500000000e+05 2.213779062500000000e+05
2.185981718750000000e+05 2.153937500000000000e+05 2.117176718750000000e+05 2.075558437500000000e+05 2.029066250000000000e+05 1.977777343750000000e+05 1.921872031250000000e+05 1.861567968750000000e+05 1.797001718750000000e+05 1.728137968750000000e+05 1.654813906250000000e+05 1.576848906250000000e+05 1.494452031250000000e+05
1.407939687500000000e+05 1.317915312500000000e+05 1.225210312500000000e+05 1.131069296875000000e+05 1.037253750000000000e+05 9.459008593750000000e+04 8.594314843750000000e+04 7.802217187500000000e+04 7.123373437500000000e+04 6.586019531250000000e+04 6.147749609375000000e+04 5.776727734375000000e+04 5.449087109375000000e+04
5.144166796875000000e+04 4.846324609375000000e+04 4.550153515625000000e+04 4.258650000000000000e+04 3.978987500000000000e+04 3.718143750000000000e+04 3.428128906250000000e+04 3.183396679687500000e+04 2.986268750000000000e+04 2.830746484375000000e+04 2.704116796875000000e+04 2.592210351562500000e+04 2.483690625000000000e+04
2.371949609375000000e+04 2.255286328125000000e+04 2.135720117187500000e+04 2.017427539062500000e+04 1.905787304687500000e+04 1.806180273437500000e+04 1.721794140625000000e+04 1.652165234375000000e+04 1.594061230468750000e+04 1.543490429687500000e+04 1.496577734375000000e+04 1.449795214843750000e+04 1.400746484375000000e+04
1.349016894531250000e+04 1.295933300781250000e+04 1.243542578125000000e+04 1.193866992187500000e+04 1.148557031250000000e+04 1.108542382812500000e+04 1.073783593750000000e+04 1.043409277343750000e+04 1.016060742187500000e+04 9.901968750000000000e+03 9.644461914062500000e+03 9.380168945312500000e+03 9.108553710937500000e+03
8.834106445312500000e+03 8.563094726562500000e+03 8.302178710937500000e+03 8.057764648437500000e+03 7.834203125000000000e+03 7.631916015625000000e+03 7.447557617187500000e+03 7.276024414062500000e+03 7.112284667968750000e+03 6.952084472656250000e+03 6.792303222656250000e+03 6.631563476562500000e+03 6.470650390625000000e+03
6.311993164062500000e+03 6.158407226562500000e+03 6.012008300781250000e+03 5.873887207031250000e+03 5.744285644531250000e+03 5.622682128906250000e+03 5.507751464843750000e+03 5.397591308593750000e+03 5.290328125000000000e+03 5.184691894531250000e+03 5.080200683593750000e+03 4.976999023437500000e+03 4.875605468750000000e+03
4.776706542968750000e+03 4.681018554687500000e+03 4.589144042968750000e+03 4.501362304687500000e+03 4.417485839843750000e+03 4.336963378906250000e+03 4.259186523437500000e+03 4.183657226562500000e+03 4.109933105468750000e+03 4.037606933593750000e+03 3.966478515625000000e+03 3.896673339843750000e+03 3.828498779296875000e+03
3.762194091796875000e+03 3.697858154296875000e+03 3.635530761718750000e+03 3.575231201171875000e+03 3.516895019531250000e+03 3.460324951171875000e+03 3.405250244140625000e+03 3.351444580078125000e+03 3.298788085937500000e+03 3.247237060546875000e+03 3.196764160156250000e+03 3.147353759765625000e+03 3.099042480468750000e+03
3.051913330078125000e+03 3.006025634765625000e+03 2.961357177734375000e+03 2.917827148437500000e+03 2.875364746093750000e+03 2.833926269531250000e+03 2.793457519531250000e+03 2.753869384765625000e+03 2.715076904296875000e+03 2.677048583984375000e+03 2.639805664062500000e+03 2.603366455078125000e+03 2.567712646484375000e+03
2.532816650390625000e+03 2.498677978515625000e+03 2.342814453125000000e+03 1.680164550781250000e+03 1.192578613281250000e+03 8.423978271484375000e+02 5.924336547851562500e+02 4.149800415039062500e+02 2.896265563964843750e+02 2.014700317382812500e+02 1.397228851318359375e+02 9.663188934326171875e+01 6.666041564941406250e+01
4.587720489501953125e+01 3.150564193725585938e+01 2.159293556213378906e+01 1.477172374725341797e+01 1.008798122406005859e+01 2.359610468750000000e+05 2.359610312500000000e+05 2.359610156250000000e+05 2.359610000000000000e+05 2.359609843750000000e+05 2.359609531250000000e+05 2.359609062500000000e+05 2.359608750000000000e+05
2.359607968750000000e+05 2.359607500000000000e+05 2.359606562500000000e+05 2.359605468750000000e+05 2.359604218750000000e+05 2.359602812500000000e+05 2.359600937500000000e+05 2.359598750000000000e+05 2.359595937500000000e+05 2.359592656250000000e+05 2.359588437500000000e+05 2.359583593750000000e+05 2.359577500000000000e+05
2.359570156250000000e+05 2.359561250000000000e+05 2.359550468750000000e+05 2.359536875000000000e+05 2.359520781250000000e+05 2.359501093750000000e+05 2.359476718750000000e+05 2.359447187500000000e+05 2.359411250000000000e+05 2.359367656250000000e+05 2.359314218750000000e+05 2.359249062500000000e+05 2.359169687500000000e+05
2.359072812500000000e+05 2.358954843750000000e+05 2.358811250000000000e+05 2.358635937500000000e+05 2.358422343750000000e+05 2.358161875000000000e+05 2.357844687500000000e+05 2.357457812500000000e+05 2.356986718750000000e+05 2.356412812500000000e+05 2.355713281250000000e+05 2.354861562500000000e+05 2.353824531250000000e+05
2.352562343750000000e+05 2.351025937500000000e+05 2.349157656250000000e+05 2.346886093750000000e+05 2.344126406250000000e+05 2.340775781250000000e+05 2.336712031250000000e+05 2.331788593750000000e+05 2.325832187500000000e+05 2.318638125000000000e+05 2.309966562500000000e+05 2.299540312500000000e+05 2.287041562500000000e+05
2.272112343750000000e+05 2.254357812500000000e+05 2.233353125000000000e+05 2.208657343750000000e+05 2.179834843750000000e+05 2.146578125000000000e+05 2.108388906250000000e+05 2.065093906250000000e+05 2.016641250000000000e+05 1.963069531250000000e+05 1.904519062500000000e+05 1.841168437500000000e+05 1.773122343750000000e+05
1.700330000000000000e+05 1.622639375000000000e+05 1.539917500000000000e+05 1.452472343750000000e+05 1.360790312500000000e+05 1.265740156250000000e+05 1.168532187500000000e+05 1.070904375000000000e+05 9.752073437500000000e+04 8.842075000000000000e+04 8.008671093750000000e+04 7.278278125000000000e+04 6.685072656250000000e+04
6.241069921875000000e+04 5.890854687500000000e+04 5.592232031250000000e+04 5.314885937500000000e+04 5.036038281250000000e+04 4.742005078125000000e+04 4.432551953125000000e+04 4.117767578125000000e+04 3.812380078125000000e+04 3.530036718750000000e+04 3.226204101562500000e+04 2.985513085937500000e+04 2.808696484375000000e+04
2.683908593750000000e+04 2.590610937500000000e+04 2.507247851562500000e+04 2.417413281250000000e+04 2.312690234375000000e+04 2.192770117187500000e+04 2.063388671875000000e+04 1.933427539062500000e+04 1.812600585937500000e+04 1.709216992187500000e+04 1.627467578125000000e+04 1.566018652343750000e+04 1.519435351562500000e+04
1.480982421875000000e+04 1.444288378906250000e+04 1.404164453125000000e+04 1.357677441406250000e+04 1.304963769531250000e+04 1.248674707031250000e+04 1.192492968750000000e+04 1.139930078125000000e+04 1.093636816406250000e+04 1.054885546875000000e+04 1.023343066406250000e+04 9.973858398437500000e+03 9.747093750000000000e+03
9.528993164062500000e+03 9.299886718750000000e+03 9.049706054687500000e+03 8.779514648437500000e+03 8.498141601562500000e+03 8.217406250000000000e+03 7.949189453125000000e+03 7.703576171875000000e+03 7.486416015625000000e+03 7.297432617187500000e+03 7.130920898437500000e+03 6.978614257812500000e+03 6.832423828125000000e+03
6.685873046875000000e+03 6.534854980468750000e+03 6.378284179687500000e+03 6.218242675781250000e+03 6.058983886718750000e+03 5.905146484375000000e+03 5.760232910156250000e+03 5.626023925781250000e+03 5.502709960937500000e+03 5.389110351562500000e+03 5.282896484375000000e+03 5.181115722656250000e+03 5.081060058593750000e+03
4.981003906250000000e+03 4.880440429687500000e+03 4.779852050781250000e+03 4.680321289062500000e+03 4.583151855468750000e+03 4.489577636718750000e+03 4.400510742187500000e+03 4.316302734375000000e+03 4.236613769531250000e+03 4.160602050781250000e+03 4.087312011718750000e+03 4.015943115234375000e+03 3.945855224609375000e+03
3.876580078125000000e+03 3.807982177734375000e+03 3.740345214843750000e+03 3.674175048828125000e+03 3.609895751953125000e+03 3.547738037109375000e+03 3.487799560546875000e+03 3.430082275390625000e+03 3.374447265625000000e+03 3.320593994140625000e+03 3.268147216796875000e+03 3.216802001953125000e+03 3.166398437500000000e+03
3.116895751953125000e+03 3.068303466796875000e+03 3.020665039062500000e+03 2.974078125000000000e+03 2.928677734375000000e+03 2.884553955078125000e+03 2.841691406250000000e+03 2.799996582031250000e+03 2.759370605468750000e+03 2.719738037109375000e+03 2.681015869140625000e+03 2.643096923828125000e+03 2.605889648437500000e+03
2.569369140625000000e+03 2.533572021484375000e+03 2.498534912109375000e+03 2.464258056640625000e+03 2.430727783203125000e+03 2.397950439453125000e+03 2.248522460937500000e+03 1.612592895507812500e+03 1.144652709960937500e+03 8.085659790039062500e+02 5.686526489257812500e+02 3.983288574218750000e+02 2.780085449218750000e+02
1.933897399902343750e+02 1.341193084716796875e+02 9.275598907470703125e+01 6.398569869995117188e+01 4.403511047363281250e+01 3.023908042907714844e+01 2.072317695617675781e+01 1.417488670349121094e+01 9.678432464599609375e+00 3.814363777637481689e-01 4.211768805980682373e-01 4.650577902793884277e-01 5.135104656219482422e-01
5.670112371444702148e-01 6.260860562324523926e-01 6.913156509399414062e-01 7.633411884307861328e-01 8.428708910942077637e-01 9.306862950325012207e-01 1.027650713920593262e+00 1.134717464447021484e+00 1.252938866615295410e+00 1.383477091789245605e+00 1.527615189552307129e+00 1.686769962310791016e+00 1.862505674362182617e+00
2.056549787521362305e+00 2.270809650421142578e+00 2.507390499114990234e+00 2.768617391586303711e+00 3.057057380676269531e+00 3.375544786453247070e+00 3.727208137512207031e+00 4.115502357482910156e+00 4.544240951538085938e+00 5.017634391784667969e+00 5.540329933166503906e+00 6.117457389831542969e+00 6.754678249359130859e+00
7.458242893218994141e+00 8.235045433044433594e+00 9.092697143554687500e+00 1.003958892822265625e+01 1.108498191833496094e+01 1.223908329010009766e+01 1.351314830780029297e+01 1.491957855224609375e+01 1.647203636169433594e+01 1.818556404113769531e+01 2.007670402526855469e+01 2.216365051269531250e+01 2.446638298034667969e+01
2.700681304931640625e+01 2.980894660949707031e+01 3.289902877807617188e+01 3.630569458007812500e+01 4.006009292602539062e+01 4.419601058959960938e+01 4.874992370605468750e+01 5.376102828979492188e+01 5.927116012573242188e+01 6.532463836669921875e+01 7.196791076660156250e+01 7.924905395507812500e+01 8.721701812744140625e+01
9.592055511474609375e+01 1.054068069458007812e+02 1.157195587158203125e+02 1.268970642089843750e+02 1.389695434570312500e+02 1.519566192626953125e+02 1.658646697998046875e+02 1.806849060058593750e+02 1.963922119140625000e+02 2.129454193115234375e+02 2.302884216308593750e+02 2.483522033691406250e+02 2.670536499023437500e+02
2.862875671386718750e+02 3.059063110351562500e+02 3.256836547851562500e+02 3.452665710449218750e+02 3.641303405761718750e+02 3.815569458007812500e+02 3.966439208984375000e+02 4.083195495605468750e+02 4.153313903808593750e+02 4.162372436523437500e+02 4.094961853027343750e+02 3.936734619140625000e+02 3.676766967773437500e+02
3.310896606445312500e+02 2.846417846679687500e+02 2.306235351562500000e+02 1.753888549804687500e+02 1.265308685302734375e+02 8.698315429687500000e+01 5.800690841674804688e+01 3.938097763061523438e+01 2.974702835083007812e+01 2.701093292236328125e+01 2.875832176208496094e+01 3.263810729980468750e+01 3.666789627075195312e+01
3.942825317382812500e+01 3.995744323730468750e+01 3.708375549316406250e+01 3.160348701477050781e+01 2.488186264038085938e+01 1.835467720031738281e+01 1.313855934143066406e+01 9.819894790649414062e+00 8.427214622497558594e+00 8.546815872192382812e+00 9.520780563354492188e+00 1.066011142730712891e+01 1.141650104522705078e+01
1.148159408569335938e+01 1.080769634246826172e+01 9.560824394226074219e+00 8.030339241027832031e+00 6.527830123901367188e+00 5.304107666015625000e+00 4.499679565429687500e+00 4.131906032562255859e+00 4.114743709564208984e+00 4.300619125366210938e+00 4.529115676879882812e+00 4.668213367462158203e+00 4.639822959899902344e+00
4.427373886108398438e+00 4.067139148712158203e+00 3.628289937973022461e+00 3.188914775848388672e+00 2.814934492111206055e+00 2.546286106109619141e+00 2.392038583755493164e+00 2.333977222442626953e+00 2.336272716522216797e+00 2.357554435729980469e+00 2.361820697784423828e+00 2.325855255126953125e+00 2.242203712463378906e+00
2.117843389511108398e+00 1.969599485397338867e+00 1.818042516708374023e+00 1.681707859039306641e+00 1.572971582412719727e+00 1.496206760406494141e+00 1.448190450668334961e+00 1.420255661010742188e+00 1.401356220245361328e+00 1.381126880645751953e+00 1.352184534072875977e+00 1.311268687248229980e+00 1.259181141853332520e+00
1.199786424636840820e+00 1.138481736183166504e+00 1.080590963363647461e+00 1.030082345008850098e+00 9.888557791709899902e-01 9.566611051559448242e-01 9.315374493598937988e-01 9.105762839317321777e-01 8.907715082168579102e-01 8.697325587272644043e-01 8.461095690727233887e-01 8.196930885314941406e-01 7.912355661392211914e-01
7.620832920074462891e-01 7.337331175804138184e-01 7.074366211891174316e-01 6.839429736137390137e-01 6.634103655815124512e-01 6.454690694808959961e-01 6.293944120407104492e-01 6.143345236778259277e-01 5.995265245437622070e-01 5.844489932060241699e-01 5.688892006874084473e-01 5.529273748397827148e-01 5.368567109107971191e-01
5.210685133934020996e-01 5.059360265731811523e-01 4.917276501655578613e-01 4.785593450069427490e-01 4.663908481597900391e-01 4.550589025020599365e-01 4.443342685699462891e-01 4.339835345745086670e-01 4.238199293613433838e-01 4.137328565120697021e-01 4.036950469017028809e-01 3.937500119209289551e-01 3.839859366416931152e-01
3.745037913322448730e-01 3.653883934020996094e-01 3.566891849040985107e-01 3.484134078025817871e-01 3.405302762985229492e-01 3.329826891422271729e-01 3.257024586200714111e-01 3.186260759830474854e-01 3.117064535617828369e-01 3.049187958240509033e-01 2.740192115306854248e-01 1.594284176826477051e-01 9.151899069547653198e-02
5.228859186172485352e-02 2.974748425185680389e-02 1.685802079737186432e-02 9.519906714558601379e-03 5.358808208256959915e-03 3.007779596373438835e-03 1.683813519775867462e-03 9.404575685039162636e-04 5.242198822088539600e-04 2.917210222221910954e-04 1.621361589059233665e-04 9.004875028040260077e-05 5.001120007364079356e-05
